0.943079 0.131871 
0.292854 0.261827 
0.162757 0.543538 
0.324311 0.0980228 
0.253662 0.58593 
0.177438 0.511936 
0.842365 0.489748 
0.236545 0.487712 
0.0679024 0.670932 
0.635363 0.941563 
0.970919 0.923342 
0.69015 0.102432 
0.0791597 0.0869387 
0.753011 0.630886 
0.582989 0.639769 
0.0904899 0.157429 
0.894526 0.537481 
0.0925378 0.0244365 
0.845606 0.720372 
0.436756 0.131819 
0.705666 0.56567 
0.255249 0.0865078 
0.881317 0.67268 
0.640937 0.737485 
0.811734 0.754921 
0.619081 0.651344 
0.677317 0.0985847 
0.611282 0.654931 
0.885517 0.934827 
0.103605 0.831486 
0.197991 0.0551844 
0.21955 0.145483 
0.811419 0.211944 
0.65542 0.346022 
0.548173 0.0522757 
0.275332 0.170472 
0.593474 0.18092 
0.922886 0.277041 
0.186795 0.456271 
0.729709 0.407883 
0.396799 0.424817 
0.595297 0.796875 
0.550561 0.367584 
0.400289 0.362791 
0.658949 0.532829 
0.242252 0.728671 
0.0523016 0.685963 
0.753894 0.857323 
0.961446 0.457281 
0.545779 0.899167 
0.043236 0.209609 
0.508081 0.295269 
0.043155 0.451708 
0.131006 0.626079 
0.0636799 0.170514 
0.753389 0.72633 
0.433735 0.723027 
0.873795 0.406454 
0.0875322 0.835357 
0.165328 0.828823 
0.471214 0.899834 
0.74835 0.00305388 
0.656586 0.649034 
0.679673 0.687837 
0.596248 0.288492 
0.319846 0.148508 
0.482883 0.727665 
0.959197 0.789366 
0.236593 0.208638 
0.0785461 0.727742 
0.345455 0.581794 
0.972782 0.35193 
0.0584396 0.295627 
0.0405497 0.348836 
0.459084 0.621037 
0.0133468 0.218024 
0.626272 0.876715 
0.254538 0.85814 
0.980845 0.632358 
0.122631 0.803826 
0.614748 0.512393 
0.324383 0.424772 
0.177235 0.428729 
0.677886 0.862954 
0.488122 0.802519 
0.746588 0.483361 
0.654782 0.196089 
0.651117 0.718857 
0.917118 0.677515 
0.815653 0.357895 
