1 0
0.957354 0.0215554
0.924497 0.0384923
0.875896 0.0641069
0.828637 0.0897051
0.790946 0.110648
0.760129 0.128146
0.726553 0.147619
0.685095 0.172295
0.648701 0.19458
0.602441 0.223829
0.570813 0.244478
0.531799 0.270754
0.495369 0.296175
0.460823 0.321161
0.42172 0.3506
0.379713 0.383792
0.345413 0.412282
0.309737 0.44346
0.264144 0.486051
0.217629 0.533492
0.168536 0.589469
0.131134 0.637876
0.0955714 0.690854
0.0698282 0.73575
0.0507963 0.77462
0.0310392 0.82382
0.0175155 0.867654
0.00395302 0.937127
0 1
